nbits,bruteforce,pollardrho,pollardrho_raw,fermat,fermat_raw
4,0.344,0.237,0.244,0.262,0.248
8,0.382,0.239,0.249,0.302,0.277
12,0.428,0.272,0.263,0.353,0.299
16,0.721,0.247,0.210,0.303,0.306
20,0.189,0.252,0.287,0.321,0.341
24,0.650,0.309,0.268,0.416,0.307
28,0.249,0.398,0.238,0.429,0.327
32,0.820,0.361,0.278,0.363,0.458
36,0.383,0.445,0.369,0.378,0.423
40,0.147,0.412,0.443,0.539,0.562
44,0.591,0.442,0.565,0.322,0.265
48,2.441,0.478,0.515,0.473,0.279
52,9.033,0.325,0.271,0.422,0.381
56,36.652,0.192,0.351,0.696,0.459
60,,0.397,0.658,3.294,0.614
64,,0.478,0.318,8.300,0.949
68,,0.275,0.325,,2.849
72,,0.225,0.454,,7.807
76,,0.780,0.290,,
80,,1.262,0.339,,
84,,2.129,0.727,,
88,,3.693,1.278,,
92,,9.262,2.971,,
96,,16.628,5.877,,
100,,,12.536,,
104,,,23.883,,
